11.1	28.3
11.1	28.3
15.61	546.4
15.84	183.6
17.52	270.4
17.52	270.4
17.67	82.9
17.67	82.9
22.31	572.3
22.31	572.3
23.67	303.6
23.67	303.6
24.83	1000
24.83	1000
24.95	274.9
24.95	274.9
24.95	274.9
24.95	274.9
25.13	897.7
25.13	897.7
27.31	249.9
27.31	249.9
28.47	112
28.47	112
28.48	233.7
28.48	233.7
28.48	233.7
28.48	233.7
28.58	537
28.58	537
28.58	537
28.58	537
28.64	144.6
28.64	144.6
31.52	24
31.73	436.9
31.73	436.9
31.73	436.9
31.73	436.9
32	14.7
32.54	0.1
32.54	0.1
32.87	360.6
32.87	360.6
32.98	69
32.98	69
33.6	5
33.6	5
33.6	5
33.6	5
33.74	13.2
33.74	13.2
33.83	141
33.83	141
33.83	141
33.83	141
35.46	456.3
35.46	456.3
35.79	136.3
35.79	136.3
36.45	84.3
36.45	84.3
36.45	84.3
36.45	84.3
36.58	1.9
36.58	1.9
36.58	1.9
36.58	1.9
38.93	289.2
38.93	289.2
39.79	216.6
39.79	216.6
39.79	216.6
39.79	216.6
39.91	58.4
39.91	58.4
40.08	34
40.08	34
40.16	72.2
40.16	72.2
40.16	72.2
40.16	72.2
40.54	0.2
40.54	0.2
40.8	12.3
40.8	12.3
40.8	12.3
40.8	12.3
41.12	37.8
41.12	37.8
42.28	45
42.28	45
42.28	45
42.28	45
42.56	92
42.56	92
42.56	92
42.56	92
42.99	107.4
42.99	107.4
43.47	107.6
43.47	107.6
45.45	791
45.53	79.6
45.53	79.6
46.18	12.3
46.18	12.3
46.18	12.3
46.18	12.3
46.33	335.1
46.33	335.1
46.33	335.1
46.33	335.1
46.53	341.3
46.53	341.3
46.73	66.6
46.73	66.6
46.73	66.6
46.73	66.6
46.84	125.3
46.84	125.3
46.94	0.8
46.94	0.8
46.94	0.8
46.94	0.8
47.19	199.5
47.19	199.5
47.25	17.7
47.25	17.7
47.25	17.7
47.25	17.7
48.08	316.5
48.34	33.1
48.34	33.1
48.43	11.4
48.43	11.4
48.81	20.9
48.81	20.9
48.84	171.1
48.94	70.3
48.94	70.3
48.94	70.3
48.94	70.3
49.07	19.1
49.07	19.1
49.07	19.1
49.07	19.1
49.13	6.4
49.13	6.4
49.13	6.4
49.13	6.4
49.37	4.7
49.37	4.7
49.37	4.7
49.37	4.7
49.54	75.2
49.54	75.2
50.94	18.4
50.94	18.4
51.2	68.3
51.2	68.3
51.2	68.3
51.2	68.3
51.25	4.3
51.25	4.3
51.25	4.3
51.25	4.3
51.59	52.8
51.59	52.8
51.86	4
51.86	4
52.04	60.6
52.04	60.6
52.45	94.3
52.45	94.3
52.45	94.3
52.45	94.3
52.48	142.2
52.48	142.2
52.48	142.2
52.48	142.2
52.64	132.4
52.64	132.4
52.64	132.4
52.64	132.4
52.77	20.9
52.77	20.9
52.77	20.9
52.77	20.9
53.6	136.5
53.6	136.5
54.27	19.8
54.27	19.8
54.27	19.8
54.27	19.8
54.36	22.5
54.36	22.5
54.51	16.3
54.51	16.3
54.51	16.3
54.51	16.3
54.61	24.5
54.61	24.5
54.61	24.5
54.61	24.5
54.89	0
54.89	0
54.95	23.8
54.95	23.8
54.95	23.8
54.95	23.8
56.26	0.6
56.26	0.6
56.26	0.6
56.26	0.6
56.36	4.8
56.36	4.8
56.66	3.4
56.66	3.4
56.86	0.3
56.86	0.3
56.86	0.3
56.86	0.3
57.01	0
57.01	0
57.01	0
57.01	0
57.12	9.8
57.12	9.8
57.12	9.8
57.12	9.8
57.28	0.3
57.28	0.3
57.28	0.3
57.28	0.3
57.29	16.8
57.29	16.8
57.29	16.8
57.29	16.8
57.4	2.6
57.4	2.6
57.79	2.8
57.79	2.8
57.79	2.8
57.79	2.8
57.85	9
57.85	9
58.3	0.1
58.3	0.1
58.93	10.1
58.93	10.1
58.93	106.3
58.93	106.3
58.93	106.3
58.93	106.3
59.15	31.9
59.15	31.9
59.15	31.9
59.15	31.9
59.29	42.5
59.29	42.5
59.32	6.8
59.32	6.8
59.47	25.2
59.47	25.2
59.47	25.2
59.47	25.2
59.96	22
59.96	22
59.96	22
59.96	22